 0             0 
 3             1 
 5             2 
 11            4 
 29            6 
 97            8 
 149           10 
 211           12 
 127           14 
 1847          16 
 541           18 
 907           20 
 1151          22 
 1693          24 
 2503          26 
 2999          28 
 4327          30 
 5623          32 
 1361          34 
 9587          36 
 30631         38 
 19373         40 
 16183         42 
 15727         44 
 81509         46 
 28277         48 
 31957         50 
 19661         52 
 35671         54 
 82129         56 
 44351         58 
 43391         60 
 34123         62 
 89753         64 
 162209        66 
 134581        68 
 173429        70 
 31469         72 
 404671        74 
 212777        76 
 188107        78 
 542683        80 
 265703        82 
 461801        84 
 156007        86 
 544367        88 
 404941        90 
 927961        92 
 360749        96 
 604171        98 
 396833        100 
 370373        112 
 492227        114 
